Year,Birth,Rate2,death_year
2019,3747540.0,11.4,0
2018,3791712.0,11.6,1
2017,3855500.0,11.8,2
2016,3945875.0,12.2,3
2015,3978497.0,12.4,4
2014,3988076.0,12.5,5
2013,3932181.0,12.4,6
2012,3952841.0,12.6,7
2011,3953590.0,12.7,8
2010,3999386.0,13.0,9
2009,4131019.0,13.8,10
2008,4132851.5,,11
2007,4134684.0,,12
2006,4136516.5,,13
2005,4138349.0,14.0,15
2004,4112052.0,14.0,16
2003,4089950.0,14.1,17
2002,4021726.0,13.9,18
2001,4025933.0,14.1,19
2000,4058814.0,14.7,20
1999,3959417.0,14.5,21
1998,3941553.0,14.6,22
1997,3882000.0,14.5,24
1996,3899000.0,14.7,25
1995,3892000.0,14.8,26
1994,3979000.0,15.3,27
1993,4039000.0,15.7,29
1992,4084000.0,16.0,29
1991,4111000.0,16.2,31
1990,4179000.0,16.7,32
1989,4021000.0,16.2,33
1988,3913000.0,15.9,34
1987,3829000.0,15.7,35
1986,3731000.0,15.5,36
1985,3760561.0,15.8,37
1984,3669141.0,15.5,38
1983,3638933.0,15.5,40
1982,3680537.0,15.9,41
1981,3646397.5,,42
1980,3612258.0,15.9,43
1979,3494398.0,15.9,44
1978,3333279.0,15.3,46
1977,3326632.0,15.4,47
1976,3167788.0,14.8,48
1975,3144198.0,14.8,50
1974,3159958.0,14.9,51
1973,3136965.0,14.9,53
1972,3258411.0,15.6,54
1971,3555970.0,17.2,55
1970,3731386.0,18.4,56
1969,3600206.0,17.8,58
1968,3501564.0,17.5,59
1967,3520959.0,17.8,60
1966,3606274.0,18.4,61
1965,3760358.0,19.4,62
1964,4027490.0,21.0,63
1963,4098020.0,21.7,64
1962,4167362.0,22.4,65
1961,4268326.0,23.3,66
1960,4257850.0,23.7,67
1959,4295000.0,24.3,68
1958,4255000.0,24.5,70
1957,4308000.0,25.3,71
1956,4218000.0,25.2,71
1955,4104000.0,25.0,73
1954,4078000.0,25.3,74
1953,3965000.0,25.1,75
1952,3913000.0,25.1,77
1951,3772500.0,,78
1950,3632000.0,24.1,79
1949,3477200.0,,80
1948,3322400.0,,82
1947,3167600.0,,83
1946,3012800.0,,84
1945,2858000.0,20.4,86
1944,2798200.0,,88
1943,2738400.0,,91
1942,2678600.0,,89
1941,2618800.0,,91
1940,2559000.0,19.4,94
1939,2522600.0,,94
1938,2486200.0,,96
1937,2449800.0,,100
1936,2413400.0,,100
1935,2377000.0,18.7,100
1934,2425200.0,,100
1933,2473400.0,,100
1932,2521600.0,,100
1931,2569800.0,,100
1930,2618000.0,21.3,100
